366
516
3031
3054
3072
3845
3861
3896
4135
4205
4440
4882
10132
10184
10246
10460
10656
11043
11081
11104
11116
11159
11404
11728
11925
12041
12105
12234
12315
12331
12681
12692
13083
13660
13666
13958
14272
14370
16064
16456
16695
17841
17917
18214
18337
18876
19696
19730
20020
20389
20750
21140
21665
22038
22138
22272
22393
22780
22812
24732
25197
25643
25669
26192
26201
26666
27236
27268
27824
28129
28160
28372
28541
28543
28795
28801
29027
29201
29257
29545
29703
29825
30240
30463
30835
30847
30859
30867
31013
31222
13442
