1
2
4
7
8
11
13
14
15
16
20
21
24
28
32
33
34
38
39
40
42
45
46
48
51
52
55
56
57
59
60
63
65
66
67
69
71
73
75
78
81
86
88
92
93
94
95
97
99
100
102
105
107
110
114
115
116
121
122
126
127
131
133
137
138
140
141
142
143
144
145
146
148
149
150
153
154
158
162
165
169
173
174
175
189
190
191
193
194
197
203
204
205
206
211
214
218
223
224
234
237
241
242
243
246
248
257
266
267
268
269
273
274
277
281
282
283
284
285
286
289
293
297
298
299
301
302
304
305
306
310
316
317
319
322
325
329
330
331
332
333
341
344
345
348
350
357
361
365
371
373
376
378
382
385
390
392
395
396
402
404
405
407
410
412
416
418
420
422
423
425
428
429
430
431
433
436
437
438
439
446
448
449
450
453
459
461
462
465
466
468
471
472
473
475
480
482
483
507
509
513
523
525
526
529
533
538
539
549
550
555
556
558
559
560
566
570
571
575
576
578
579
580
583
586
587
588
589
593
595
599
603
605
607
610
615
617
619
620
623
624
626
627
629
631
632
639
640
646
650
651
652
653
654
656
657
660
665
667
668
672
673
674
681
682
684
686
688
690
697
698
699
702
704
705
706
711
712
713
714
715
718
719
720
722
723
724
725
726
731
732
736
737
738
739
744
746
747
750
751
752
753
754
755
756
758
761
763
767
769
772
775
776
778
780
781
783
785
786
788
789
792
796
797
799
801
802
803
807
812
813
814
817
820
822
824
825
828
829
833
834
836
837
839
841
842
843
844
845
846
850
852
853
856
858
859
860
862
863
865
868
869
870
872
873
877
880
882
883
887
889
890
892
893
898
900
901
904
905
910
911
914
916
920
926
927
928
929
930
933
935
936
938
939
952
955
960
966
968
972
976
978
980
982
983
986
989
991
997
998
999
1000
1002
1004
1009
1022
1029
1031
1033
1035
1037
1041
1042
1044
1046
1048
1050
1053
1058
1068
1069
1072
1075
1078
1083
1087
1093
1101
1105
1107
1112
1116
1119
1121
1123
1126
1127
1133
1134
1136
1137
1149
1151
1157
1160
1163
1164
1169
1170
1174
1178
1179
1184
1185
1186
1189
1190
1193
1194
1196
1198
1203
1206
1211
1212
1217
1223
1225
1226
1227
1228
1229
1232
1235
1238
1240
1243
1244
1245
1247
1249
1252
1254
1255
1256
1260
1263
1268
1269
1272
1275
1276
1280
1283
1285
1287
1290
1300
1302
1304
1306
1310
1312
1313
1314
1315
1316
1318
1320
1322
1324
1326
1328
1329
1330
1332
1333
1334
1336
1337
1338
1340
1341
1343
1344
1350
1351
1352
1354
1355
1357
1359
1360
1364
1365
1370
1384
1385
1387
1388
1389
1393
1395
1396
1400
1401
1405
1406
1410
1412
1415
1419
1425
1430
1434
1442
1443
1444
1446
1451
1457
1461
1463
1467
1472
1476
1477
1484
1485
1486
1489
1490
1493
1496
1497
1500
1501
1504
1505
1506
1512
1514
1520
2002
2003
2007
2009
2010
2011
2014
2015
2016
2017
2018
2021
2023
2024
2026
2027
2033
2036
2038
2041
2042
2044
2047
2048
2049
2050
2051
2052
2054
2057
2060
2062
2063
2066
2067
2068
2069
2070
2071
2073
2074
2075
2076
2078
2081
2083
2085
2087
2088
2089
2090
2091
2092
2093
2094
2097
2101
2104
2106
2107
2108
2110
2112
2114
2117
2121
2124
2129
2132
2136
2137
2138
2139
2141
2143
2144
2146
2147
2149
2153
2154
2155
2156
2157
2159
2160
2161
2162
2163
2164
2168
2171
2172
2173
2175
2176
2177
2181
2182
2183
2185
2187
2189
2190
2191
2196
2197
2198
2200
2205
2206
2209
2212
2213
2217
2218
2220
2223
2225
2226
2229
2234
2237
2238
2239
2240
2242
2246
2247
2248
2250
2252
2253
2256
2257
2260
2261
2262
2263
2265
2266
2268
2269
2272
2273
2274
2275
2277
2279
2280
2281
2283
2285
2287
2288
2289
2290
2292
2293
2296
2299
2302
2303
2305
2306
2307
2308
2309
2310
2311
2314
2315
2316
2317
2319
2320
2321
2324
2325
2326
2330
2331
2334
2336
2339
2341
2343
2346
2347
2350
2351
2352
2353
2355
2357
2358
2359
2361
2363
2365
2367
2368
2369
2371
2373
2374
2376
2378
2380
2383
2385
2387
2392
2395
2400
2401
2403
2405
2406
2407
2413
2414
2415
2416
2417
2418
2419
2424
2425
2427
2428
2430
2431
2434
2437
2442
2443
2445
2447
2449
2452
2453
2455
2456
2457
2459
2460
2462
2465
2468
2469
2470
2471
2472
2474
2477
2478
2480
2483
2486
2487
2491
2494
2496
2498
2503
2504
2506
2510
2511
2515
2516
2517
2518
2519
2520
2523
2524
2525
2527
2532
2533
2535
2536
2539
2542
2545
2546
2549
2550
2551
2552
2553
2554
2555
2556
2557
2559
2561
2562
2565
2566
2567
2569
2571
2572
2573
2576
2579
2580
2581
2583
2587
2591
2592
2594
2595
2596
2597
2598
2603
2604
2605
2608
2610
2611
2612
2615
2619
2622
2623
2624
2627
2629
2632
2634
2638
2639
2641
2646
2650
2651
2653
2656
2659
2662
2664
2666
2667
2669
2671
2674
2677
2678
2681
2682
2683
2684
2685
2689
2690
2691
2692
2694
2695
2697
2698
2699
2702
2707
2712
2713
2715
2718
2720
2728
2729
2732
2733
2735
2736
2739
2743
2744
2748
2750
2751
2753
2755
2758
2761
2762
2764
2767
2770
2772
2776
2777
2778
2779
2781
2783
2792
2793
2796
2798
2800
2804
2806
2807
2809
2812
2814
2815
2816
2817
2818
2820
2823
2825
2826
2827
2831
2836
2841
2847
2851
2852
2856
2858
2859
2862
2866
2867
2868
2872
2873
2874
2877
2878
2884
2886
2891
2892
2894
2895
2896
2897
2898
2900
2901
2903
2905
2906
2907
2908
2914
2915
2916
2917
2920
2922
2924
2925
2927
2928
2930
2932
2934
2937
2940
2941
2943
2944
2947
2950
2951
2952
2955
2956
2957
2961
2963
2968
2970
2972
2973
2976
2977
2979
2980
2981
2982
2983
2986
2987
2992
2993
3001
3004
3005
3007
3008
3010
3011
3012
3013
3014
3016
3017
3019
3021
3025
3026
3028
3029
3036
3037
3039
3041
3043
3044
3045
3046
3047
3048
3053
3055
3059
3060
3062
3063
3067
3074
3075
3081
3082
3083
3084
3087
3091
3093
3094
3096
3098
3099
3102
3103
3104
3110
3111
3115
3117
3118
3119
3126
3128
3129
3130
3131
3132
3134
3136
3138
3139
3140
3141
3142
3144
3145
3146
3147
3150
3151
3158
3159
3161
3162
3164
3165
3168
3169
3170
3172
3174
3176
3178
3180
3183
3184
3185
3186
3187
3188
3189
3191
3192
3193
3194
3202
3203
3204
3205
3206
3207
3208
3210
3211
3213
3214
3216
3218
3222
3237
3238
3239
3241
3245
3247
3248
3249
3250
3252
3253
3254
3263
3264
3267
3268
3269
3274
3276
3278
3282
3283
3284
3286
3288
3289
3290
3291
3293
3295
3297
3301
3303
3304
3307
3308
3313
3319
3320
3324
3326
3327
3332
3333
3334
3337
3340
3344
3345
3351
3352
3353
3356
3357
3362
3363
3368
3369
3372
3374
3377
3386
3389
3391
3395
3396
3400
3406
3407
3408
3409
3410
3411
3413
3414
3418
3420
3423
3432
3435
3441
3442
3443
3446
3448
3454
3455
3456
3460
3461
3462
3468
3471
3474
3476
3478
3479
3487
3491
3493
3494
3495
3496
3498
3499
3500
3503
3505
3506
3509
3513
3515
3517
3520
3523
3524
3525
3527
3528
3529
3537
3538
3539
3540
3542
3544
3545
3547
3549
3553
3554
3555
3559
3561
3564
3569
3570
3573
3574
3575
3588
3590
3594
3597
3600
3603
3606
3607
3611
3616
3619
3620
3623
3625
3628
3633
3635
3637
3638
3639
3640
3641
3644
3645
3646
3647
3649
3650
3651
3656
3657
3658
3659
3661
3663
3665
3666
3667
3668
3669
3670
3671
3672
3673
3676
3678
3680
3682
3683
3685
3686
3687
3690
3694
3695
3696
3698
3699
3700
3701
3702
3703
3704
3706
3709
3712
3715
3716
3717
3723
3725
3726
3727
3732
3735
3737
3739
3740
3741
3742
3743
3747
3749
3753
3755
3756
3757
3760
3762
3763
3767
3772
3775
3777
3780
3781
3782
3785
3786
3789
3790
3791
3794
3798
3801
3804
3807
3809
3811
3812
3819
3820
3821
3825
3827
3831
3832
3834
3837
3841
3851
3854
3865
3868
3869
3871
3872
3879
3880
3884
3885
3888
3892
3894
3895
3903
3904
3906
3907
3915
3916
3918
3924
3931
3932
3933
3935
3937
3942
3944
3945
3946
3947
3950
3951
3953
3956
3958
3959
3960
3961
3962
3963
3964
3966
3967
3968
3969
3971
3975
3977
3980
3981
3982
3984
3986
3988
3992
3997
3999
4000
4003
4005
4008
4012
4013
4015
4016
4018
4019
4029
4036
4041
4042
4045
4046
4048
4049
4052
4053
4054
4060
4062
4063
4069
4070
4076
4078
4086
4088
4100
4102
4104
4105
4107
4108
4110
4111
4113
4114
4117
4118
4123
4124
4127
4133
4136
4137
4139
4140
4143
4145
4146
4147
4148
4153
4155
4156
4157
4159
4160
4161
4162
4164
4166
4170
4174
4175
4176
4179
4182
4186
4187
4190
4191
4192
4193
4194
4195
4197
4198
4199
4201
4203
4207
4208
4212
4215
4216
4222
4223
4224
4232
4238
4240
4242
4243
4247
4250
4257
4258
4259
4260
4264
4266
4267
4268
4269
4270
4273
4279
4283
4284
4285
4286
4287
4288
4289
4290
4292
4293
4298
4299
4304
4306
4308
4315
4318
4320
4321
4322
4324
4328
4329
4330
4332
4333
4334
4335
4336
4341
4344
4345
4346
4347
4351
4352
4357
4358
4360
4362
4365
4367
4368
4369
4376
4380
4381
4383
4390
4391
4400
4401
4404
4405
4407
4410
4414
4415
4419
4420
4422
4423
4428
4429
4430
4444
4446
4447
4448
4452
4453
4460
4461
4463
4464
4465
4468
4471
4472
4473
4476
4477
4480
4481
4482
4484
4496
4498
4501
4503
4506
4509
4511
4513
4518
4519
4521
4522
4526
4528
4531
4532
4533
4534
4537
4540
4543
4547
4549
4551
4554
4555
4556
4563
4564
4566
4568
4569
4570
4572
4573
4575
4576
4578
4580
4584
4588
4591
4593
4594
4597
4598
4599
4600
4601
4602
4605
4611
4612
4615
4616
4617
4621
4622
4628
4629
4630
4633
4636
4638
4639
4640
4645
4646
4647
4649
4651
4653
4655
4659
4660
4672
4673
4674
4680
4683
4686
4697
4706
4709
4712
4717
4718
4719
4721
4722
4723
4724
4726
4735
4740
4741
4745
4746
4751
4752
4754
4756
4763
4772
4776
4777
4778
4779
4780
4783
4784
4790
4794
4796
4798
4800
4808
4809
4813
4821
4822
4823
4824
4825
4826
4828
4829
4831
4832
4837
4838
4842
4843
4846
4849
4850
4854
4860
4861
4862
4868
4871
4875
4876
4877
4879
4881
4884
4886
4888
4889
4893
4895
4896
4897
4903
4910
4912
4916
4921
4925
4929
4930
4931
4938
4939
4941
4945
4952
4956
4958
4961
4963
4965
4969
4970
4978
4981
4985
4990
4991
4996
5001
6001
6002
6003
6006
6008
6009
6011
6012
6015
6019
6020
6022
6025
6026
6029
6030
6031
6032
6033
6034
6035
6036
6037
6039
6040
6041
6042
6043
6044
6045
6047
6048
6049
6050
6052
6053
6054
6055
6056
6057
6058
6060
6061
6062
6063
6064
6065
6066
6067
6068
6069
6070
6071
6072
6073
6074
6075
6076
6077
6078
6079
6080
6082
6083
6084
6085
6086
6087
6088
6090
6091
6093
6094
6095
6096
6097
6098
6099
6100
6101
6102
6103
6104
6105
6106
6107
6109
6110
6111
6112
6113
6114
6116
6117
6118
6119
6120
6122
6123
6124
6125
6126
6127
6128
6129
6130
6131
6132
6133
6134
6135
6137
6138
6139
6140
6141
6142
6143
6144
6145
6146
6147
6148
6149
6150
6151
6152
6153
6154
6155
6156
6157
6158
6159
6160
6161
6162
6164
6165
6166
6167
6168
6169
6170
6171
6172
6173
6174
6175
6176
6177
6178
6179
6180
6181
6182
6183
6184
6185
6186
6187
6188
6189
6190
6191
6192
6193
6194
6195
6196
6197
6198
6199
6200
6201
6202
6204
6205
6206
6207
6208
6209
6210
6211
6212
6213
6214
6215
6216
6218
6219
6220
6221
6222
6223
6224
6225
6226
6227
6228
6229
6230
6231
6232
6233
6234
6235
6236
6237
6238
6239
6240
6241
6242
6243
6244
6245
6246
6247
6248
6249
6250
6251
6252
6253
6254
6255
6256
6257
6258
6259
6260
6261
6262
6263
6264
6265
6266
6267
6268
6269
6270
6271
6272
6273
6274
10001
10003
10005
10006
10007
10009
10012
10013
10015
10016
10022
10023
10026
10027
10034
10038
10039
10047
10051
10052
10058
10059
10061
10065
10067
10068
10070
10074
10077
10080
10087
10089
10092
10093
10095
10096
10098
10099
10100
10102
10105
10108
10113
10117
10118
10120
10122
10124
10125
10126
10131
10138
10139
10141
10145
10146
10151
10152
10154
10159
10161
10162
10166
10176
10179
10180
10181
10185
10188
10194
10195
10200
10204
10209
10210
10214
10215
10218
10221
10222
10227
10231
10233
10234
10237
10238
10239
10243
10248
10251
10252
10255
10256
10258
10262
10266
10268
10273
10281
10283
10284
10286
10287
10293
10301
10305
10311
10314
10317
10322
10331
10334
10336
10337
10338
10342
10349
10350
10355
10356
10357
10362
10366
10369
10371
10381
10382
10386
10390
10394
10397
10399
10400
10402
10403
10406
10413
10415
10418
10419
10423
10427
10433
10441
10443
10444
10445
10446
10456
10457
10458
10459
10462
10465
10473
10474
10477
10478
10481
10482
10484
10486
10487
10490
10491
10495
10498
10501
10502
10506
10507
10509
10510
10514
10515
10518
10522
10540
10543
10544
10545
10546
10551
10553
10554
10555
10556
10563
10564
10565
10566
10568
10576
10577
10583
10584
10587
10595
10597
10598
10599
10600
10601
10602
10605
10609
10610
10611
10612
10615
10620
10626
10635
10636
10637
10638
10639
10640
10644
10645
10646
10650
10654
10657
10658
10659
10660
10661
10663
10664
10667
10668
10673
10674
10675
10676
10677
10678
10679
10681
10688
10692
10693
10694
10696
10697
10701
10712
10717
10718
10723
10725
10727
10729
10733
10734
10735
10736
10738
10740
10743
10744
10747
10748
10749
10750
10751
10757
10760
10767
10770
10772
10774
10777
10782
10783
10786
10790
10791
10795
10797
10798
10807
10811
10813
10814
10816
10819
10820
10821
10824
10826
10836
10838
10841
10842
10843
10849
10850
10855
10858
10864
10865
10866
10869
10872
10881
10884
10890
10891
10904
10905
10907
10910
10915
10916
10920
10921
10923
10924
10928
10932
10933
10935
10938
10939
10940
10946
10949
10951
10953
10954
10955
10963
10964
10967
10969
10973
10977
10978
10982
10988
10990
10995
10997
10998
11006
11009
11010
11013
11016
11018
11022
11035
11036
11037
11038
11040
11049
11050
11055
11056
11059
11060
11061
11063
11065
11066
11069
11070
11072
11074
11075
11077
11079
11090
11092
11095
11101
11102
11103
11105
11106
11108
11110
11118
11119
11122
11125
11134
11140
11141
11148
11149
11150
11153
11155
11158
11162
11163
11166
11170
11171
11172
11174
11176
11179
11180
11181
11182
11185
11189
11194
11195
11197
11199
11200
11202
11204
11206
11208
11209
11210
11211
11212
11213
11215
11217
11218
11219
11220
11222
11225
11226
11227
11232
11235
11236
11237
11240
11241
11243
11244
11249
11254
11256
11261
11266
11267
11268
11270
11272
11275
11282
11285
11287
11289
11292
11296
11297
11299
11301
11308
11311
11315
11320
11323
11329
11334
11340
11341
11344
11346
11351
11356
11357
11358
11361
11363
11367
11371
11373
11374
11375
11379
11383
11384
11394
11400
11403
11405
11406
11407
11414
11420
11421
11425
11426
11429
11433
11434
11437
11438
11443
11444
11447
11448
11451
11453
11456
11458
11462
11463
11472
11473
11476
11477
11479
11481
11483
11484
11487
11491
11494
11497
11499
11500
11501
11504
11506
11513
11516
11518
11521
11522
11523
11528
11529
11530
11531
11535
11536
11539
11541
11550
11551
11555
11556
11557
11558
11560
11561
11562
11563
11565
11570
11571
11573
11574
11576
11577
11578
11582
11583
11585
11586
11587
11592
11593
11594
11595
11598
11600
11602
11605
11606
11608
11609
11610
11617
11618
11619
11620
11621
11622
11623
11624
11626
11629
11630
11632
11633
11634
11638
11639
11643
11649
11656
11660
11662
11663
11665
11667
11684
11687
11688
11689
11690
11697
11698
11702
11703
11704
11705
11707
11708
11710
11713
11716
11717
11720
11722
11723
11729
11732
11733
11734
11736
11737
11738
11739
11740
11742
11743
11744
11745
11746
11747
11749
11751
11752
11753
11758
11760
11761
11765
11768
11774
11779
11792
11794
11795
11797
11801
11803
11807
11809
11811
11814
11816
11819
11820
11824
11828
11835
11836
11841
11842
11843
11848
11849
11857
11861
11862
11863
11864
11868
11870
11874
11876
11877
11878
11880
11883
11884
11885
11900
11902
11903
11905
11906
11908
11909
11911
11914
11916
11917
11918
11923
11938
11939
11940
11942
11944
11947
11948
11950
11958
11961
11962
11967
11968
11974
11975
11976
11978
11983
11985
11989
11990
11992
11995
11996
11997
11999
12001
12003
12012
12014
12015
12016
12017
12020
12022
12023
12025
12027
12028
12030
12032
12034
12035
12036
12038
12049
12050
12053
12059
12060
12061
12063
12065
12066
12067
12070
12071
12074
12076
12077
12078
12081
12082
12084
12085
12089
12092
12093
12095
12099
12100
12101
12103
12108
12115
12116
12118
12120
12121
12125
12126
12134
12137
12141
12143
12144
12146
12148
12151
12152
12153
12154
12155
12156
12159
12160
12163
12165
12166
12167
12171
12174
12175
12177
12179
12180
12185
12187
12189
12195
12196
12199
12200
12203
12205
12207
12209
12210
12211
12215
12219
12220
12223
12225
12226
12235
12236
12237
12238
12239
12243
12244
12263
12264
12265
12266
12277
12279
12282
12286
12289
12291
12292
12297
12298
12299
12300
12303
12306
12308
12312
12316
12317
12319
12320
12325
12326
12328
12330
12333
12334
12335
12336
12341
12343
12344
12349
12356
12357
12359
12360
12363
12367
12369
12370
12372
12376
12378
12379
12380
12383
12385
12389
12392
12402
12403
12404
12405
12406
12408
12409
12410
12411
12413
12415
12418
12419
12422
12424
12426
12428
12437
12438
12439
12442
12443
12445
12449
12452
12454
12459
12460
12461
12462
12465
12470
12472
12474
12475
12479
12486
12488
12492
12499
12501
12502
12503
12504
12506
12517
12518
12522
12527
12535
12538
12546
12554
12560
12563
12566
12569
12571
12578
12579
12583
12584
12588
12589
12591
12592
12593
12594
12596
12599
12600
12601
12602
12605
12611
12615
12617
12618
12621
12622
12623
12626
12630
12635
12638
12639
12640
12642
12648
12649
12651
12652
12654
12657
12668
12671
12673
12677
12680
12685
12686
12688
12693
12694
12695
12698
12707
12711
12713
12716
12717
12721
12722
12723
12724
12726
12728
12729
12730
12732
12739
12743
12748
12750
12751
12754
12757
12760
12762
12765
12768
12770
12771
12772
12773
12774
12775
12782
12783
12784
12786
12787
12788
12790
12791
12792
12793
12794
12796
12798
12800
12801
12802
12804
12805
12806
12808
12809
12819
12821
12823
12827
12829
12830
12832
12833
12834
12835
12838
12839
12842
12844
12846
12847
12850
12853
12855
12857
12863
12865
12867
12870
12873
12874
12876
12877
12878
12879
12880
12883
12884
12889
12890
12891
12892
12894
12895
12898
12901
12902
12904
12908
12911
12913
12917
12918
12922
12923
12925
12927
12929
12930
12932
12933
12941
12942
12943
12955
12956
12968
12976
12977
12983
12984
12985
12988
12990
12992
12993
12998
12999
13001
13002
13003
13004
13005
13006
13008
13010
13015
13018
13026
13028
13029
13039
13040
13041
13045
13050
13051
13054
13055
13056
13057
13066
13071
13072
13073
13074
13077
13079
13080
13081
13082
13085
13086
13091
13096
13100
13104
13108
13109
13114
13116
13118
13120
13127
13128
13131
13132
13135
13137
13138
13146
13151
13155
13159
13164
13177
13182
13188
13190
13191
13193
13194
13195
13198
13199
13200
13201
13202
13205
13206
13209
13210
13212
13213
13214
13218
13219
13220
13222
13226
13227
13229
13230
13231
13237
13244
13248
13249
13251
13256
13257
13258
13262
13263
13266
13267
13271
13273
13275
13278
13280
13282
13283
13284
13288
13291
13297
13298
13299
13308
13310
13314
13316
13317
13318
13319
13321
13327
13328
13330
13333
13334
13336
13338
13339
13347
13351
13355
13358
13364
13367
13371
13376
13378
13380
13381
13387
13389
13393
13396
13397
13399
13400
13407
13410
13411
13413
13414
13415
13420
13422
13428
13434
13435
13436
13439
13441
13443
13444
13448
13449
13452
13453
13454
13456
13457
13459
13469
13476
13477
13481
13482
13484
13486
13488
13489
13490
13493
13494
13495
13496
13497
13499
13503
13506
13514
13520
13521
13526
13528
13529
13531
13533
13536
13539
13541
13545
13547
13551
13557
13561
13562
13565
13566
13572
13585
13590
13592
13593
13594
13595
13596
13599
13605
13606
13610
13612
13614
13615
13618
13623
13624
13625
13630
13631
13635
13636
13640
13641
13643
13645
13646
13647
13649
13651
13652
13654
13656
13659
13663
13665
13667
13671
13676
13677
13678
13680
13686
13688
13691
13694
13697
13703
13705
13709
13711
13712
13715
13717
13720
13724
13725
13726
13727
13728
13730
13732
13734
13738
13740
13741
13742
13745
13755
13758
13759
13763
13769
13771
13774
13775
13779
13781
13782
13786
13788
13789
13798
13799
13804
13805
13806
13807
13808
13810
13816
13817
13820
13821
13822
13823
13824
13826
13831
13832
13833
13834
13835
13837
13838
13851
13855
13859
13862
13864
13867
13870
13873
13876
13878
13880
13881
13885
13886
13888
13889
13890
13891
13892
13893
13896
13897
13900
13902
13903
13904
13907
13910
13911
13914
13919
13921
13931
13933
13934
13939
13942
13946
13948
13950
13954
13955
13964
13972
13974
13975
13976
13982
13988
13994
13996
14004
14007
14008
14012
14014
14016
14018
14023
14025
14028
14037
14038
14039
14040
14042
14043
14049
14051
14053
14061
14062
14064
14066
14070
14075
14076
14078
14079
14080
14083
14084
14086
14087
14090
14096
14099
14100
14102
14107
14111
14113
14114
14118
14122
14129
14132
14133
14134
14139
14152
14164
14166
14174
14175
14178
14183
14184
14194
14197
14199
14203
14204
14205
14206
14213
14215
14216
14218
14226
14230
14233
14237
14238
14243
14244
14248
14250
14253
14260
14261
14264
14266
14267
14268
14273
14274
14275
14277
14279
14281
14284
14285
14287
14290
14291
14292
14293
14294
14295
14300
14306
14307
14310
14311
14316
14319
14322
14323
14324
14328
14332
14333
14334
14337
14340
14341
14343
14344
14349
14350
14352
14353
14354
14355
14360
14361
14362
14366
14368
14377
14379
14381
14384
14385
14387
14389
14390
14391
14393
14409
14415
14437
14440
14445
14446
14449
14451
14453
14468
14473
14481
14500
14502
14505
14507
14511
14515
14520
14525
14528
14529
14533
14536
14544
14546
14548
14555
14558
14560
14561
14564
14569
14570
14572
14576
14577
14578
14581
14585
14586
14589
14595
14599
14604
14606
14607
14618
14619
14622
14626
14628
14629
14630
14631
14635
14640
14641
14645
14647
14650
14651
14653
14655
14661
14670
14671
14672
14675
14676
14678
14680
14683
14685
14686
14691
14694
14695
14698
14699
14700
14705
14707
14709
14718
14719
14720
14723
14724
14725
14728
14730
14740
14743
14744
14745
14746
14748
14750
14752
14761
14765
14768
14769
14772
14776
14777
14779
14781
14783
14784
14785
14788
14790
14792
14796
14797
14799
14803
14810
14812
14813
14814
14815
14818
14824
14827
14829
14831
14832
14835
14842
14843
14846
14854
14864
14865
14866
14871
14876
14877
14881
14882
14889
14892
14894
14895
14897
14899
14909
14910
14916
14924
14926
14931
14933
14934
14938
14941
14943
14945
14946
14950
14951
14958
14960
14968
14969
14970
14971
14973
14983
14985
14986
14988
15000
15009
15011
15015
15016
15018
15019
15020
15022
15024
15026
15037
15038
15039
15041
15043
15045
15048
15049
15050
15051
15053
15055
15061
15063
15072
15081
15082
15086
15087
15088
15091
15092
15093
15094
15095
15097
15099
15105
15106
15118
15121
15125
15128
15131
15133
15138
15139
15144
15145
15146
15151
15171
15176
15189
15197
15199
15205
15228
15229
15234
15241
15244
15252
15253
15257
15261
15271
15279
15295
15313
15318
15320
15324
15330
15350
15370
15381
15383
15387
15389
15397
15403
15407
15408
15420
15424
15430
15444
15448
15458
15497
15505
15523
15534
15535
15549
15551
15558
15561
15586
15594
15595
15602
15605
15606
15608
15609
15614
15615
15618
15625
15626
15632
15633
15634
15635
15636
15637
15641
15643
15645
15647
15649
15651
15653
15663
15665
15667
15668
15669
15673
15675
15682
15683
15685
15687
15698
15699
15702
15709
15710
15711
15712
15716
15717
15718
15721
15723
15728
15732
15733
15734
15736
15737
15740
15743
15745
15747
15760
15761
15768
15771
15779
15780
15789
15792
15793
15795
15799
15801
15806
15809
15812
15817
15820
15826
15827
15831
15837
15844
15845
15846
15847
15852
15853
15857
15861
15862
15869
15883
15884
15889
15890
15902
15921
15926
15928
15930
15933
15934
15935
15938
15940
15941
15958
15961
15965
15969
15972
15973
15974
15976
15978
15979
15982
15984
15988
15992
15995
15999
16002
16005
16006
16007
16010
16012
16017
16018
16019
16020
16031
16039
16040
16041
16042
16044
16047
16050
16051
16052
16056
16058
16060
16061
16065
16071
16072
16075
16078
16083
16085
16087
16088
16090
16091
16095
16100
16101
16112
16116
16129
16130
16134
16135
16137
16143
16144
16146
16147
16149
16154
16155
16157
16163
16165
16168
16174
16179
16186
16187
16188
16192
16193
16198
16202
16209
16211
16212
16217
16227
16233
16235
16248
16258
16264
16268
16272
16273
16284
16286
16288
16297
16298
16300
16304
16309
16320
16323
16324
16329
16334
16346
16349
16351
16355
16363
16365
16376
16377
16379
16404
16412
16430
16438
16449
16491
16502
16505
16509
16512
16525
16530
16542
16544
16546
16555
16562
16576
16578
16583
16584
16601
16603
16605
16607
16611
16612
16616
16619
16626
16634
16638
16641
16644
16657
16664
16665
16666
16670
16688
16689
16693
16696
16701
16703
16706
16710
16715
16716
16720
16722
16723
16725
16730
16731
16732
16734
16735
16736
16741
16747
16748
16751
16757
16758
16759
16761
16771
16777
16778
16784
16785
16789
16790
16795
16801
16804
16808
16827
16831
16838
16847
16853
16854
16857
16859
16862
16869
16872
16874
16878
16879
16882
16887
16890
16896
16898
16900
16909
16914
16917
16923
16928
16930
16931
16933
16939
16940
16950
16955
16956
16957
16959
16961
16962
16964
16969
16970
16971
16973
16981
16984
16986
16987
16989
16991
16992
16998
17003
17011
17013
17017
17018
17020
17021
17025
17029
17030
17031
17032
17036
17038
17039
17040
17047
17049
17050
17051
17055
17056
17059
17062
17064
17065
17066
17072
17078
17079
17081
17089
17091
17093
17096
17099
17105
17110
17113
17119
17121
17124
17127
17128
17129
17131
17132
17133
17138
17140
17146
17151
17153
17155
17163
17174
17178
17183
17195
17196
17203
17208
17211
17212
17214
17215
17218
17221
17225
17228
17229
17230
17232
17240
17244
17246
17250
17251
17261
17262
17263
17269
17270
17272
17274
17276
17280
17282
17285
17286
17291
17293
17294
17297
17300
17304
17309
17314
17315
17317
17324
17330
17338
17343
17348
17350
17356
17361
17372
17376
17378
17381
17382
17392
17394
17396
17397
17399
17410
17414
17419
17420
17421
17423
17428
17435
17436
17437
17452
17460
17472
17476
17477
17490
17491
17493
17495
17496
17500
17502
17503
17505
17508
17510
17511
17514
17515
17516
17525
17529
17534
17537
17540
17541
17554
17555
17558
17559
17566
17569
17578
17579
17582
17583
17584
17587
17591
17594
17596
17601
17605
17606
17608
17609
17616
17619
17620
17625
17627
17632
17643
17644
17646
17658
17661
17662
17664
17665
17673
17674
17681
17683
17687
17689
17694
17704
17706
17709
17715
17718
17724
17736
17744
17758
17763
17767
17768
17773
17775
17777
17780
17781
17783
17789
17796
17797
17816
17825
17826
17830
17833
17845
17846
17856
17858
17863
17865
17866
17879
17882
17885
17889
17893
17895
17901
17906
17907
17909
17910
17912
17913
17914
17918
17919
17922
17924
17925
17930
17932
17936
17941
17942
17946
17948
17950
17953
17958
17960
17961
17962
17966
17978
17979
17982
17990
17998
18013
18019
18021
18024
18031
18036
18041
18045
18047
18052
18054
18059
18061
18062
18063
18066
18073
18076
18078
18081
18085
18087
18089
18091
18095
18109
18110
18111
18113
18118
18119
18122
18131
18135
18138
18140
18145
18149
18152
18159
18160
18161
18165
18166
18169
18171
18173
18176
18185
18189
18192
18203
18205
18207
18210
18212
18213
18225
18227
18232
18233
18234
18240
18246
18249
18250
18254
18256
18260
18265
18268
18269
18273
18274
18275
18277
18279
18283
18286
18287
18297
18298
18304
18310
18315
18319
18320
18322
18325
18326
18332
18339
18347
18348
18350
18355
18357
18359
18361
18366
18369
18371
18378
18379
18383
18384
18385
18386
18388
18389
18390
18392
18394
18396
18397
18399
18402
18410
18411
18414
18416
18418
18421
18422
18424
18429
18430
18433
18434
18437
18438
18439
18440
18442
18444
18446
18451
18452
18460
18461
18465
18466
18469
18470
18473
18474
18477
18478
18484
18486
18487
18491
18494
18496
18497
18499
18500
18504
18510
18511
18512
18514
18519
18521
18524
18525
18530
18534
18544
18549
18550
18554
18559
18561
18564
18566
18567
18569
18570
18572
18573
18578
18579
18585
18586
18589
18596
18599
18600
18601
18604
18605
18609
18611
18617
18620
18643
18655
18657
18664
18665
18667
18671
18673
18675
18676
18682
18683
18685
18690
18696
18697
18710
18712
18720
18722
18725
18729
18735
18737
18741
18744
18745
18746
18747
18750
18751
18755
18756
18759
18761
18762
18765
18766
18772
18775
18786
18790
18791
18794
18795
18798
18801
18802
18803
18805
18808
18812
18815
18816
18817
18818
18820
18822
18823
18830
18831
18833
18835
18837
18839
18844
18846
18851
18853
18856
18858
18859
18861
18864
18867
18871
18872
18875
18878
18880
18883
18887
18890
18891
18894
18896
18897
18898
18902
18904
18907
18915
18917
18920
18923
18924
18931
18940
18942
18943
18945
18946
18948
18950
18956
18959
18960
18962
18963
18965
18975
18984
18988
18995
18996
19002
19003
19008
19010
19014
19015
19019
19022
19025
19030
19032
19041
19044
19051
19053
19056
19057
19059
19062
19063
19065
19066
19068
19069
19071
19072
19075
19076
19079
19080
19084
19092
19093
19096
19099
19101
19103
19104
19106
19107
19110
19112
19117
19118
19121
19122
19127
19131
19133
19135
19139
19144
19146
19160
19163
19164
19166
19167
19170
19172
19176
19178
19179
19182
19183
19185
19192
19198
19199
19200
19201
19202
19204
19206
19207
19208
19211
19213
19219
19220
19226
19228
19230
19233
19234
19239
19241
19242
19246
19248
19250
19251
19252
19253
19255
19257
19258
19261
19267
19273
19275
19279
19282
19287
19291
19292
19293
19294
19295
19298
19299
19301
19302
19304
19306
19307
19310
19312
19313
19316
19319
19324
19326
19327
19328
19329
19330
19331
19332
19336
19338
19341
19343
19348
19350
19353
19354
19355
19356
19362
19365
19368
19369
19371
19374
19375
19376
19378
19379
19380
19381
19383
19385
19391
19393
19394
19395
19396
19413
19414
19419
19423
19428
19430
19432
19434
19437
19438
19445
19450
19453
19457
19459
19460
19461
19463
19465
19468
19469
19472
19473
19474
19479
19480
19481
19486
19493
19496
19497
19503
19504
19507
19508
19511
19512
19513
19514
19526
19527
19531
19532
19533
19536
19549
19550
19551
19557
19563
19566
19569
19577
19579
19585
19587
19591
19592
19598
19599
19603
19609
19619
19620
19621
19624
19627
19632
19633
19634
19635
19637
19641
19642
19643
19644
19646
19648
19649
19650
19651
19653
19656
19658
19667
19668
19669
19671
19675
19677
19678
19679
19680
19684
19690
19694
19695
19699
19700
19702
19704
19705
19706
19709
19710
19712
19714
19717
19719
19721
19724
19725
19727
19728
19731
19732
19733
19738
19740
19749
19757
19761
19762
19764
19770
19771
19772
19773
19774
19776
19777
19779
19784
19785
19786
19790
19793
19797
19798
19800
19801
19802
19803
19805
19806
19807
19809
19810
19811
19813
19815
19817
19822
19823
19824
19825
19831
19832
19834
19835
19836
19837
19838
19843
19847
19848
19853
19858
19862
19863
19866
19867
19871
19873
19877
19880
19882
19884
19887
19891
19894
19895
19902
19905
19906
19907
19908
19911
19912
19917
19918
19921
19925
19926
19927
19931
19933
19936
19946
19948
19952
19954
19955
19956
19957
19958
19963
19964
19966
19967
19968
19969
19970
19971
19975
19976
19977
19983
19985
19986
19994
19997
19998
20001
20002
20003
20004
20008
20009
20012
20013
20015
20016
20017
20019
20021
20022
20025
20034
20035
20037
20040
20047
20052
20053
20054
20057
20059
20061
20066
20068
20069
20070
20071
20072
20073
20090
20092
20094
20096
20102
20105
20106
20107
20111
20118
20119
20120
20121
20123
20125
20126
20127
20128
20129
20130
20132
20143
20145
20151
20167
20168
20170
20175
20176
20180
20184
20186
20187
20189
20190
20191
20197
20198
20202
20203
20206
20208
20210
20211
20214
20217
20220
20223
20225
20226
20231
20233
20234
20244
20247
20250
20252
20256
20257
20261
20264
20267
20272
20273
20275
20277
20279
20282
20289
20290
20295
20302
20306
20312
20315
20321
20324
20325
20329
20334
20347
20350
20353
20354
20356
20357
20358
20359
20360
20368
20379
20381
20384
20385
20388
20390
20392
20394
20402
20409
20410
20415
20417
20418
20429
20432
20435
20438
20439
20440
20443
20444
20446
20447
20449
20450
20451
20452
20453
20454
20456
20458
20461
20464
20466
20467
20468
20471
20472
20474
20478
20482
20484
20485
20488
20492
20493
20495
20498
20499
20503
20506
20511
20512
20515
20517
20519
20520
20522
20523
20528
20531
20533
20534
20542
20544
20551
20553
20555
20560
20566
20567
20573
20577
20582
20588
20589
20602
20605
20606
20607
20612
20614
20615
20621
20625
20628
20631
20636
20639
20646
20647
20649
20650
20660
20662
20669
20670
20674
20677
20678
20681
20683
20687
20690
20695
20702
20704
20705
20706
20707
20709
20711
20713
20715
20716
20717
20721
20724
20725
20731
20734
20738
20739
20740
20742
20743
20745
20749
20751
20752
20753
20756
20757
20759
20765
20767
20770
20772
20776
20781
20783
20788
20794
20795
20802
20814
20820
20825
20829
20833
20843
20857
20865
20874
20875
20879
20880
20883
20893
20896
20898
20899
20904
20909
20913
20915
20916
20918
20919
20922
20923
20932
20933
20939
20954
20955
20970
20973
20975
20978
20980
20981
20983
20991
20994
20995
21000
21001
21003
21007
21009
21019
21021
21023
21026
21028
21030
21031
21035
21047
21048
21050
21052
21057
21068
21069
21074
21076
21082
21085
21086
21087
21093
21096
21099
21101
21105
21107
21112
21113
21119
21120
21122
21127
21129
21139
21145
21149
21152
21158
21175
21180
21190
21195
21199
21204
21210
21220
21221
21227
21228
21229
21232
21233
21234
21235
21236
21239
21241
21242
21245
21248
21252
21256
21258
21260
21263
21265
21272
21273
21274
21275
21277
21279
21280
21282
21283
21284
21285
21286
21292
21293
21295
21296
21300
21302
21305
21306
21308
21309
21312
21313
21315
21316
21320
21324
21328
21331
21333
21336
21337
21339
21344
21345
21347
21349
21351
21352
21357
21358
21359
21360
21366
21370
21372
21373
21374
21376
21377
21378
21382
21383
21389
21390
21391
21393
21396
21398
21404
21406
21408
21409
21414
21417
21423
21424
21432
21434
21437
21438
21442
21443
21445
21446
21451
21452
21455
21458
21459
21461
21465
21468
21470
21471
21472
21474
21475
21477
21479
21481
21483
21487
21502
21503
21505
21507
21509
21510
21512
21513
21514
21515
21516
21517
21520
21521
21523
21529
21536
21537
21545
21552
21554
21564
21565
21566
21568
21569
21571
21572
21575
21576
21577
21579
21587
21588
21596
21597
21598
21600
21606
21607
21609
21610
21614
21624
21625
21637
21638
21644
21646
21647
21653
21658
21660
21662
21663
21674
21678
21681
21682
21685
21687
21690
21695
21697
21700
21703
21704
21705
21710
21714
21719
21720
21721
21724
21729
21733
21735
21739
21750
21760
21762
21775
21776
21781
21782
21783
21789
21799
21802
21806
21811
21815
21818
21819
21823
21824
21825
21831
21832
21833
21837
21842
21846
21847
21848
21849
21851
21853
21859
21863
21870
21873
21877
21882
21888
21893
21894
21895
21905
21907
21910
21911
21915
21916
21924
21928
21930
21931
21932
21934
21937
21947
21950
21951
21955
21956
21957
21959
21962
21965
21966
21967
21971
21975
21980
21981
21983
21986
21987
21989
21990
21994
21995
21996
21997
21999
22001
22002
22003
22006
22009
22010
22015
22016
22017
22023
22025
22026
22032
22034
22036
22037
22042
22047
22050
22052
22054
22055
22059
22064
22065
22068
22069
22070
22072
22073
22074
22076
22077
22079
22091
22095
22096
22106
22108
22109
22110
22112
22115
22117
22118
22122
22123
22125
22126
22132
22136
22141
22143
22144
22145
22147
22150
22151
22152
22156
22158
22163
22165
22173
22174
22182
22183
22186
22189
22192
22195
22198
22199
22202
22203
22205
22207
22210
22212
22216
22217
22221
22222
22233
22235
22237
22241
22243
22244
22247
22252
22255
22256
22258
22260
22268
22273
22275
22278
22286
22288
22291
22292
22294
22295
22296
22297
22300
22303
22305
22309
22310
22311
22316
22319
22320
22322
22326
22328
22335
22338
22339
22341
22344
22349
22353
22354
22366
22370
22372
22373
22374
22375
22376
22377
22379
22382
22386
22388
22394
22396
22399
22402
22409
22412
22414
22415
22427
22431
22433
22441
22442
22444
22447
22450
22452
22455
22457
22458
22461
22464
22466
22467
22468
22470
22471
22475
22476
22479
22480
22484
22485
22487
22490
22491
22492
22496
22500
22505
22507
22511
22516
22519
22520
22524
22528
22530
22531
22533
22539
22542
22550
22555
22557
22559
22564
22568
22575
22581
22582
22585
22603
22611
22619
22625
22626
22631
22635
22637
22639
22640
22642
22643
22644
22645
22651
22666
22669
22671
22672
22675
22677
22680
22681
22684
22687
22695
22696
22698
22701
22702
22709
22710
22712
22715
22720
22731
22732
22733
22735
22736
22737
22738
22741
22745
22749
22750
22757
22758
22761
22764
22767
22769
22772
22776
22777
22778
22779
22782
22785
22788
22789
22791
22797
22798
22801
22802
22804
22806
22813
22814
22819
22820
22824
22848
22849
22853
22854
22858
22859
22867
22868
22869
22870
22872
22873
22880
22890
22892
22893
22894
22896
22897
22899
22906
22908
22910
22913
22914
22916
22919
22933
22934
22937
22938
22939
22944
22945
22950
22952
22954
22955
22958
22959
22961
22962
22964
22970
22971
22972
22975
22976
22979
22980
22981
22983
22984
22985
22986
22991
22992
22993
22994
22997
22999
23000
23002
23005
23007
23008
23014
23016
23017
23023
23024
23031
23033
23036
23038
23052
23054
23058
23059
23064
23067
23069
23071
23074
23076
23077
23080
23081
23082
23083
23085
23086
23091
23099
23108
23113
23116
23118
23122
23127
23133
23142
23147
23149
23153
23154
23157
23158
23165
23167
23171
23172
23173
23178
23180
23181
23185
23188
23189
23191
23196
23198
23206
23208
23210
23212
23214
23216
23218
23220
23222
23223
23225
23230
23232
23233
23236
23237
23245
23248
23249
23252
23254
23258
23263
23264
23265
23266
23267
23268
23271
23277
23278
23279
23283
23284
23286
23288
23290
23291
23294
23298
23303
23307
23308
23310
23311
23314
23318
23321
23328
23329
23336
23337
23342
23345
23349
23353
23357
23360
23362
23365
23367
23368
23369
23373
23375
23378
23382
23387
23389
23392
23394
23408
23409
23410
23411
23413
23415
23423
23424
23426
23427
23432
23434
23451
23452
23461
23462
23463
23474
23481
23483
23486
23538
23540
23580
23584
23601
23610
23615
23617
23618
23622
23624
23635
23636
23638
23643
23646
23648
23652
23654
23668
23685
23697
23702
23704
23706
23713
23714
23719
23739
23755
23764
23768
23777
23796
23800
23801
23806
23818
23821
23822
23825
23834
23835
23836
23837
23839
23847
23848
23853
23867
23869
23872
23875
23877
23883
23884
23887
23889
23891
23892
23903
23910
23914
23918
23920
23921
23926
23928
23934
23939
23940
23941
23942
23943
23944
23948
23952
23954
23973
23984
23985
23986
24004
24005
24010
24011
24022
24023
24027
24030
24032
24035
24037
24040
24044
24049
24050
24053
24064
24066
24067
24069
24080
24084
24086
24088
24090
24093
24095
24096
24100
24101
24108
24114
24116
24120
24123
24128
24147
24150
24155
24157
24163
24169
24171
24172
24174
24175
24179
24180
24188
24191
24192
24193
24196
24198
24209
24221
24222
24230
24233
24244
24258
24263
24265
24274
24294
24300
24301
24303
24310
24314
24320
24322
24329
24333
24335
24336
24338
24340
24345
24355
24357
24361
24367
24368
24371
24372
24373
24378
24387
24388
24390
24392
24400
24402
24414
24415
24417
24420
24427
24434
24435
24436
24446
24449
24456
24457
24462
24464
24468
24470
24472
24477
24480
24490
24494
24505
24509
24519
24520
24522
24523
24535
24542
24544
24550
24551
24553
24562
24567
24568
24570
24572
24580
24584
24592
24593
24596
24605
24606
24614
24626
24627
24628
24633
24639
24645
24649
24656
24658
24660
24662
24666
24680
24681
24699
24706
24720
24725
24728
24731
24742
24744
24745
24749
24750
24765
24770
24774
24775
24785
24787
24789
24790
24798
24801
24802
24806
24807
24811
24815
24817
24818
24820
24825
24826
24828
24830
24836
24845
24846
24852
24854
24855
24856
24858
24859
24860
24861
24862
24867
24869
24870
24871
24874
24876
24879
24882
24883
24885
24886
24887
24889
24890
24891
24893
24896
24897
24898
24899
24900
24901
24902
24903
24905
24906
24907
24908
24914
24915
24916
24917
24918
24920
24922
24924
24925
24927
24932
24934
24938
24940
24944
24945
24946
24947
24951
24953
24954
24955
24957
24965
24968
24970
24971
24972
24977
24979
24982
24988
24989
24990
24991
24994
24996
24997
24998
24999
25003
25004
25006
25008
25011
25015
25019
25020
25021
25025
25027
25029
25030
25034
25035
25047
25049
25054
25060
25061
25067
25068
25069
25072
25074
25078
25079
25081
25082
25089
25092
25093
25098
25101
25103
25105
25111
25114
25117
25120
25124
25133
25137
25139
25141
25148
25150
25155
25156
25158
25160
25161
25164
25165
25176
25177
25184
25185
25191
25195
25201
25203
25205
25206
25207
25208
25209
25210
25220
25224
25226
25232
25233
25234
25235
25236
25239
25247
25253
25259
25260
25261
25262
25263
25265
25270
25271
25272
25280
25281
25283
25293
25296
25303
25305
25308
25312
25313
25314
25315
25318
25319
25322
25323
25324
25329
25331
25333
25334
25336
25339
25341
25345
25346
25347
25348
25351
25354
25355
25362
25367
25373
25375
25386
25389
25390
25393
25395
25399
25402
25403
25404
25408
25412
25432
25436
25440
25441
25442
25443
25445
25453
25461
25462
25464
25477
25479
25481
25484
25486
25489
25490
25498
25508
25509
25512
25560
25577
25598
25603
25605
25606
25608
25618
25626
25627
25631
25634
25640
25641
25646
25656
25661
25684
25693
25697
25698
25703
25707
25708
25711
25712
25713
25714
25717
25723
25724
25727
25729
25737
25739
25744
25746
25747
25751
25752
25754
25757
25763
25764
25767
25776
25777
25780
25790
25793
25803
25822
25833
25838
25845
25850
25854
25860
25861
25885
25901
25907
25915
25925
25943
25953
25955
25965
25967
25968
25975
25978
25981
25982
25988
25993
26002
26011
26015
26016
26023
26028
26030
26033
26034
26036
26052
26055
26056
26057
26065
26066
26072
26078
26083
26085
26091
26092
26095
26096
26102
26103
26108
26113
26115
26116
26119
26122
26129
26133
26137
26145
26147
26151
26154
26156
26169
26174
26178
26181
26183
26231
26232
26239
26245
26255
26256
26258
26271
26289
26291
26295
26297
26315
26320
26323
26326
26327
26328
26337
26346
26358
26360
26363
26371
26372
26377
26380
26383
26385
26395
26399
26401
26420
26438
26439
26444
26445
26448
26449
26451
26454
26463
26465
26467
26470
26475
26477
26478
26481
26489
26492
26496
26497
26514
26518
26524
26533
26543
26549
26552
26554
26563
26564
26580
26581
26597
26602
26616
26624
26627
26629
26635
26642
26654
26656
26670
26675
26681
26694
26696
26705
26707
26709
26718
26721
26724
26725
26732
26735
26738
26742
26749
26751
26755
26756
26758
26785
26793
26794
26797
26799
26805
26806
26808
26813
26814
26817
26818
26821
26823
26828
26830
26831
26834
26837
26841
26844
26849
26855
26861
26877
26878
26879
26882
26884
26891
26894
26895
26896
26899
26901
26902
26903
26904
26906
26908
26909
26911
26917
26918
26923
26924
26925
26929
26933
26934
26936
26939
26942
26946
26948
26953
26955
26958
26961
26966
26970
26985
26987
26998
27004
27006
27016
27017
27018
27020
27024
27039
27040
27043
27045
27053
27055
27059
27061
27064
27067
27074
27078
27080
27083
27091
27097
27102
27112
27119
27122
27124
27127
27129
27130
27131
27134
27148
27152
27157
27166
27177
27178
27180
27195
27197
27209
27214
27217
27219
27227
27237
27239
27241
27252
27254
27256
27262
27263
27265
27273
27280
27282
27283
27284
27289
27294
27297
27300
27308
27311
27312
27319
27320
27321
27322
27323
27326
27340
27341
27343
27344
27350
27351
27353
27355
27359
27360
27362
27365
27379
27381
27383
27388
27389
27394
27397
27398
27405
27414
27437
27439
27450
27460
27472
27473
27475
27476
27478
27480
27486
27489
27507
27508
27533
27543
27544
27545
27561
27571
27583
27587
27593
27601
27603
27604
27606
27607
27609
27613
27614
27619
27622
27623
27624
27629
27635
27636
27638
27639
27640
27650
27654
27655
27656
27667
27671
27674
27680
27684
27687
27692
27694
27705
27709
27714
27717
27721
27725
27727
27728
27739
27742
27748
27750
27751
27755
27757
27766
27768
27770
27772
27774
27777
27780
27782
27784
27785
27789
27790
27791
27792
27793
27794
27795
27802
27804
27813
27815
27822
27826
27837
27840
27848
27855
27857
27861
27862
27873
27876
27884
27895
27902
27908
27911
27912
27914
27916
27917
27918
27920
27923
27933
27936
27951
27952
27954
27955
27956
27957
27959
27960
27961
27973
27979
27981
27994
28000
28002
28008
28013
28022
28025
28027
28028
28032
28034
28036
28037
28040
28042
28043
28055
28064
28081
28083
28086
28088
28092
28093
28095
28107
28109
28110
28111
28119
28123
28125
28131
28134
28146
28151
28170
28172
28176
28177
28179
28181
28183
28185
28186
28190
28195
28202
28204
28205
28214
28216
28217
28221
28225
28226
28227
28228
28231
28237
28238
28240
28241
28243
28246
28248
28255
28256
28259
28262
28264
28267
28270
28272
28273
28276
28277
28278
28280
28282
28283
28284
28285
28287
28292
28296
28300
28304
28308
28312
28313
28314
28315
28316
28317
28318
28319
28320
28321
28322
28324
28326
28327
28329
28331
28334
28335
28336
28338
28339
28340
28342
28344
28346
28347
28348
28349
28351
28352
28356
28357
28359
28362
28364
28368
28369
28371
28373
28377
28378
28381
28384
28386
28391
28392
28393
28394
28397
28400
28402
28405
28407
28412
28413
28414
28416
28417
28418
28421
28422
28423
28425
28427
28430
28432
28435
28445
28450
28451
28454
28455
28460
28461
28462
28465
28469
28470
28473
28474
28475
28478
28483
28489
28490
28492
28493
28495
28496
28498
28499
28500
28503
28505
28507
28508
28509
28511
28512
28513
28515
28516
28517
28523
28525
28528
28529
28531
28533
28534
28535
28537
28538
28539
28544
28550
28551
28556
28562
28566
28567
28568
28569
28570
28572
28573
28575
28579
28582
28583
28587
28590
28592
28597
28600
28608
28609
28612
28613
28614
28616
28617
28618
28619
28622
28623
28625
28628
28631
28632
28634
28635
28638
28639
28641
28642
28644
28651
28652
28654
28655
28657
28658
28659
28660
28661
28662
28663
28665
28666
28669
28670
28672
28673
28677
28683
28684
28687
28690
28691
28695
28696
28702
28704
28705
28706
28708
28709
28710
28711
28712
28714
28715
28716
28717
28719
28720
28722
28723
28725
28726
28727
28729
28731
28733
28734
28736
28737
28738
28739
28740
28741
28742
28743
28745
28749
28751
28752
28754
28755
28756
28757
28759
28760
28761
28762
28764
28765
28766
28768
28769
28770
28772
28774
28777
28779
28782
28784
28786
28787
28788
28790
28792
28796
28797
28798
28799
28813
28814
28815
28818
28821
28822
28825
28826
28827
28831
28834
28835
28836
28837
28842
28847
28850
28856
28860
28864
28865
28866
28869
28870
28872
28877
28878
28879
28886
28887
28889
28890
28895
28897
28898
28902
28905
28913
28922
28925
28926
28928
28930
28933
28934
28937
28939
28943
28957
28959
28964
28965
28966
28970
28973
28975
28977
28982
28985
28989
28991
29000
29004
29006
29007
29008
29010
29012
29017
29031
29034
29037
29038
29041
29043
29053
29062
29066
29068
29074
29075
29078
29080
29086
29090
29091
29096
29105
29106
29107
29110
29111
29112
29119
29121
29122
29124
29125
29126
29133
29140
29147
29148
29149
29151
29154
29157
29161
29165
29173
29174
29175
29179
29181
29183
29187
29189
29190
29203
29205
29206
29208
29209
29210
29211
29212
29213
29215
29216
29218
29223
29224
29226
29230
29232
29234
29239
29241
29242
29248
29250
29255
29259
29260
29262
29266
29276
29277
29278
29279
29282
29284
29285
29286
29287
29289
29290
29295
29298
29299
29305
29306
29308
29321
29322
29323
29327
29329
29330
29332
29335
29336
29337
29338
29339
29341
29348
29349
29355
29363
29368
29369
29372
29375
29376
29377
29379
29383
29384
29385
29386
29387
29388
29393
29395
29396
29397
29403
29405
29406
29407
29416
29423
29429
29433
29435
29437
29438
29449
29451
29455
29458
29460
29473
29482
29485
29486
29490
29494
29495
29498
29502
29503
29509
29511
29512
29518
29519
29523
29526
29529
29530
29531
29543
29547
29548
29549
29550
29551
29560
29561
29562
29563
29564
29565
29566
29568
29575
29581
29585
29590
29591
29594
29596
29600
29604
29606
29607
29609
29610
29612
29616
29617
29618
29619
29620
29622
29623
29624
29628
29630
29632
29637
29639
29640
29647
29648
29652
29653
29655
29659
29662
29665
29667
29670
29674
29675
29678
29680
29681
29685
29686
29688
29694
29698
29701
29702
29704
29708
29712
29714
29715
29717
29718
29722
29725
29726
29730
29731
29734
29738
29741
29742
29751
29752
29753
29754
29758
29762
29763
29765
29772
29774
29775
29778
29780
29782
29784
29786
29788
29790
29791
29793
29797
29798
29806
29807
29817
29822
29832
29847
29854
29857
29859
29864
29882
29899
29902
29905
29920
29924
29926
29928
29937
29938
29945
29949
29959
29973
29977
29979
29986
30012
30050
30066
30069
30071
30089
30104
30109
30114
30117
30128
30134
30144
30149
30156
30157
30191
30201
30206
30207
30208
30209
30214
30218
30219
30220
30221
30222
30223
30224
30225
30234
30235
30237
30239
30244
30249
30253
30256
30260
30261
30263
30266
30270
30271
30275
30278
30279
30282
30291
30294
30297
30301
30303
30324
30328
30329
30330
30333
30334
30335
30338
30341
30342
30344
30350
30352
30354
30355
30357
30358
30364
30368
30369
30370
30374
30378
30383
30391
30392
30394
30400
30402
30405
30407
30408
30409
30411
30412
30415
30416
30419
30420
30422
30424
30425
30427
30430
30434
30439
30440
30443
30445
30446
30448
30451
30458
30460
30462
30465
30467
30468
30475
30476
30477
30481
30482
30487
30489
30490
30492
30495
30497
30498
30499
30573
30589
30621
30656
30679
30680
30693
30697
30704
30710
30712
30714
30715
30721
30732
30738
30744
30763
30764
30765
30766
30769
30770
30773
30774
30775
30784
30785
30786
30795
30798
30800
30809
30813
30817
30820
30822
30823
30824
30827
30828
30830
30832
30837
30839
30845
30846
30848
30849
30851
30852
30853
30862
30865
30866
30869
30872
30874
30880
30881
30883
30884
30885
30890
30895
30896
30900
30901
30905
30910
30919
30920
30922
30923
30924
30927
30929
30932
30933
30936
30938
30940
30941
30943
30944
30948
30949
30955
30956
30957
30960
30962
30963
30966
30967
30969
30971
30974
30976
30980
30983
30985
30990
30997
31000
31016
31021
31022
31023
31024
31025
31028
31029
31030
31031
31034
31038
31041
31045
31050
31051
31054
31057
31058
31060
31061
31065
31078
31094
31095
31097
31098
31099
31100
31106
31107
31109
31124
31127
31148
31171
31179
31190
31191
31201
31202
31206
31207
31208
31210
31212
31213
31217
31218
31224
31225
31228
31235
31239
31240
31241
31242
31246
31252
31253
31254
31255
31256
31257
31258
31264
31265
31270
31271
31273
31279
31280
31282
31293
31294
31295
31296
31297
31298
31299
31302
31303
31305
31313
31316
31318
31324
31327
31330
31332
31334
31335
31342
31344
31347
31349
31350
31352
31353
31359
31362
31370
31375
31382
31385
31386
31389
31390
31393
31397
31398
31404
31409
31414
31424
31427
31430
31431
31433
31436
31438
31440
31441
31444
31451
31452
31454
31457
31460
31469
31473
31474
31475
31476
31479
31481
31482
31489
31490
31491
31492
31494
31500
31501
31503
31504
31505
31507
31508
31510
31512
31513
31517
31518
31519
31522
31530
31531
31535
31536
31539
31540
31543
31548
31550
31555
31556
31558
31559
31560
31563
31567
31568
31569
31571
31577
31584
31597
31601
31602
31605
31607
31611
31612
31614
31615
31617
31620
31622
31623
31626
31627
31628
31635
31638
31640
31641
31642
31643
31645
31646
31650
31651
31652
31654
31658
31659
31660
31661
31663
31664
31665
31667
31669
31672
31673
31674
31675
31676
31679
31681
31684
31686
31688
31690
31691
31692
31694
31695
31697
31700
31701
31702
31704
31709
31710
31711
31715
31716
31717
31719
31720
31721
31722
31723
31727
31728
31730
31733
31734
31736
31737
31738
31741
31742
31744
31745
31746
31750
31752
31753
31759
31763
31764
31765
31766
31768
31769
31770
31778
31779
31780
31781
31782
31784
31785
31786
31787
31790
31791
31793
31794
31798
31799
31800
31804
31805
31807
31809
31810
31811
31813
31816
31819
31820
31823
31824
31825
31828
31830
31835
31836
31837
31838
31839
31840
31842
31843
31845
31847
31848
31849
31850
31853
31854
31858
31861
31862
31863
31864
31865
31866
31867
31868
31869
31872
31874
31875
31876
31879
31880
31881
31884
31885
31888
31889
31891
31894
31895
31898
31902
31907
31908
31909
31912
31913
31915
31917
31919
31927
31928
31929
31931
31932
31937
31938
31939
31940
31941
31943
31945
31946
31947
31950
31951
31956
31957
31959
31960
31961
31962
31964
31965
31966
31967
31968
31971
31972
31975
31976
31978
31983
31984
31986
31987
31988
31990
31991
31992
